[0, 40, 40]
----------------
[18, 8, 37]
----------------
[7, 10, 37]
----------------
[0, 11, 37]
----------------
[0, 11, 37]
----------------
[0, 11, 37]
----------------
[10, 7, 41]
----------------
[3, 10, 40]
----------------
[3, 10, 37]
----------------
[3, 10, 37]
----------------
[3, 10, 39]
----------------
[3, 10, 37]
----------------
[1, 11, 41]
----------------
[5, 9, 35]
----------------
[9, 9, 35]
----------------
[5, 8, 37]
----------------
[7, 10, 40]
----------------
[1, 10, 39]
----------------
[1, 10, 39]
----------------
[1, 10, 39]
----------------
[1, 10, 39]
----------------
[1, 10, 39]
----------------
[1, 10, 39]
----------------
[1, 10, 39]
----------------
[1, 10, 39]
----------------
[1, 10, 39]
----------------
[1, 10, 39]
----------------
[1, 10, 39]
----------------
[1, 10, 39]
----------------
[1, 10, 39]
----------------
[7, 51, 24]
----------------
[1, 45, 35]
----------------
[5, 39, 38]
----------------
[5, 39, 38]
----------------
[10, 21, 37]
----------------
[10, 16, 34]
----------------
[12, 15, 33]
----------------
[12, 15, 33]
----------------
[12, 15, 33]
----------------
[12, 15, 33]
----------------
[12, 16, 33]
----------------
[12, 16, 34]
----------------
[10, 16, 34]
----------------
[10, 18, 35]
----------------
[10, 18, 35]
----------------
[12, 18, 35]
----------------
[10, 19, 35]
----------------
[10, 19, 35]
----------------
[12, 19, 35]
----------------
[37, 19, 30]
----------------
[41, 19, 25]
----------------
[52, 16, 20]
----------------
[54, 16, 19]
----------------
[59, 15, 17]
----------------
[59, 15, 17]
----------------
[59, 16, 17]
----------------
[57, 17, 19]
----------------
[54, 18, 21]
----------------
[16, 25, 41]
----------------
[-4, 24, 41]
----------------
[-13, 24, 39]
----------------
[-35, 23, 34]
----------------
[-36, 23, 31]
----------------
[-40, 23, 29]
----------------
[-40, 23, 29]
----------------
[-40, 23, 29]
----------------
[-40, 23, 29]
----------------
[-40, 23, 30]
----------------
[-20, 25, 38]
----------------
[-4, 28, 42]
----------------
[23, 31, 40]
----------------
[32, 30, 32]
----------------
[34, 29, 29]
----------------
[34, 29, 31]
----------------
[34, 30, 31]
----------------
[32, 30, 32]
----------------
[32, 30, 31]
----------------
[14, 32, 40]
----------------
[0, 31, 40]
----------------
[-9, 29, 38]
----------------
[-20, 29, 36]
----------------
[-17, 30, 36]
----------------
[-9, 32, 39]
----------------
[-8, 32, 39]
----------------
[1, 32, 39]
----------------
[3, 33, 39]
----------------
[7, 31, 38]
----------------
[7, 30, 37]
----------------
[7, 30, 36]
----------------
[7, 30, 36]
----------------
[7, 30, 36]
----------------
[7, 30, 36]
----------------
[7, 30, 36]
----------------
[7, 30, 36]
----------------
[7, 30, 36]
----------------
[7, 30, 36]
----------------
[7, 30, 36]
----------------
[7, 30, 36]
----------------
[7, 30, 36]
----------------
[7, 30, 36]
----------------
[7, 30, 36]
----------------
[7, 30, 36]
----------------
[7, 30, 36]
----------------
[7, 30, 36]
----------------
[7, 30, 36]
----------------
[7, 30, 36]
----------------
[7, 30, 36]
----------------
[7, 30, 36]
----------------
[7, 30, 36]
----------------
[7, 30, 36]
----------------
[7, 30, 36]
----------------
[7, 30, 36]
----------------
[7, 30, 36]
----------------
[7, 30, 36]
----------------
[7, 30, 36]
----------------
[7, 30, 36]
----------------
[7, 30, 36]
----------------
[7, 30, 36]
----------------
[7, 30, 36]
----------------
[7, 30, 36]
----------------
[7, 30, 36]
----------------
[7, 30, 36]
----------------
[7, 30, 36]
----------------
[7, 30, 36]
----------------
[7, 30, 36]
----------------
[7, 30, 36]
----------------
[7, 30, 36]
----------------
[7, 30, 36]
----------------
[7, 30, 36]
----------------
[7, 30, 36]
----------------
[7, 30, 36]
----------------
[7, 30, 36]
----------------
[7, 30, 36]
----------------
[7, 30, 36]
----------------
[7, 30, 36]
----------------
[7, 30, 36]
----------------
[7, 30, 36]
----------------
[7, 30, 36]
----------------
[7, 30, 36]
----------------
[7, 30, 36]
----------------
[7, 30, 36]
----------------
[7, 30, 36]
----------------
[7, 30, 36]
----------------
[7, 30, 36]
----------------
[7, 30, 36]
----------------
[7, 30, 36]
----------------
[7, 30, 36]
----------------
[7, 30, 36]
----------------
[7, 30, 36]
----------------
[7, 30, 36]
----------------
[7, 30, 36]
----------------
[7, 30, 36]
----------------
[7, 30, 36]
----------------
[7, 30, 36]
----------------
[7, 30, 36]
----------------
[7, 30, 36]
----------------
[7, 30, 36]
----------------
[7, 30, 36]
----------------
[7, 30, 36]
----------------
[7, 30, 36]
----------------
[7, 30, 36]
----------------
[7, 30, 36]
----------------
[7, 30, 36]
----------------
[7, 30, 36]
----------------
[7, 30, 36]
----------------
[7, 30, 36]
----------------
[7, 30, 36]
----------------
[7, 30, 36]
----------------
[7, 30, 36]
----------------
[7, 30, 36]
----------------
[7, 30, 36]
----------------
[7, 30, 36]
----------------
[7, 30, 36]
----------------
[7, 30, 36]
----------------
[7, 30, 36]
----------------
[7, 30, 36]
----------------
[7, 30, 36]
----------------
[7, 30, 36]
----------------
[7, 30, 36]
----------------
[7, 30, 36]
----------------
[7, 30, 36]
----------------
[7, 30, 36]
----------------
[7, 30, 36]
----------------
[7, 30, 36]
----------------
[7, 30, 36]
----------------
[7, 30, 36]
----------------
[7, 30, 36]
----------------
[7, 30, 36]
----------------
[7, 30, 36]
----------------
[7, 30, 36]
----------------
[7, 30, 36]
----------------
[7, 30, 36]
----------------
[7, 30, 36]
----------------
[7, 30, 36]
----------------
[7, 30, 36]
----------------
[7, 30, 36]
----------------
[7, 30, 36]
----------------
[7, 30, 36]
----------------
[7, 30, 36]
----------------
[7, 30, 36]
----------------
[7, 30, 36]
----------------
[7, 30, 36]
----------------
[7, 30, 36]
----------------
[7, 30, 36]
----------------
[7, 30, 36]
----------------
[7, 30, 36]
----------------
[7, 30, 36]
----------------
[7, 30, 36]
----------------
[7, 30, 36]
----------------
[7, 30, 36]
----------------
[7, 30, 36]
----------------
[7, 30, 36]
----------------
[7, 30, 36]
----------------
[7, 30, 36]
----------------
[7, 30, 36]
----------------
[7, 30, 36]
----------------
[7, 30, 36]
----------------
[7, 30, 36]
----------------
[7, 30, 36]
----------------
[7, 30, 36]
----------------
[7, 30, 36]
----------------
[7, 30, 36]
----------------
[7, 30, 36]
----------------
[7, 30, 36]
----------------
[7, 30, 36]
----------------
[7, 30, 36]
----------------
[81, 0, 17]
----------------
[73, 0, 20]
----------------
[79, 0, 13]
----------------
[79, 0, 13]
----------------
[79, 0, 13]
----------------
[79, 0, 13]
----------------
[79, 0, 13]
----------------
[79, 0, 13]
----------------
[79, 0, 13]
----------------
[79, 0, 13]
----------------
[79, 0, 13]
----------------
[79, 0, 13]
----------------
[79, 0, 13]
----------------
[79, 0, 13]
----------------
[79, 0, 13]
----------------
[79, 0, 13]
----------------
[79, 0, 13]
----------------
[79, 0, 13]
----------------
[79, 0, 13]
----------------
[79, 0, 13]
----------------
[79, 0, 13]
----------------
[79, 0, 13]
----------------
[79, 0, 13]
----------------
[79, 0, 13]
----------------
[79, 0, 13]
----------------
[79, 0, 13]
----------------
[79, 0, 13]
----------------
[79, 0, 13]
----------------
[79, 0, 13]
----------------
[79, 0, 13]
----------------
[79, 0, 13]
----------------
[79, 0, 13]
----------------
[79, 0, 13]
----------------
[79, 0, 13]
----------------
[79, 0, 13]
----------------
[79, 0, 13]
----------------
[79, 0, 13]
----------------
[79, 0, 13]
----------------
[79, 0, 13]
----------------
[79, 0, 13]
----------------
[79, 0, 13]
----------------
[79, 0, 13]
----------------
[79, 0, 13]
----------------
[79, 0, 13]
----------------
[79, 0, 13]
----------------
[0, 40, 40]
----------------
[0, 40, 40]
----------------
[0, 40, 40]
----------------
[0, 40, 40]
----------------
[0, 40, 40]
----------------
[0, 40, 40]
----------------
[0, 40, 40]
----------------
[0, 40, 40]
----------------
[-2, 0, 0]
----------------
[-2, 0, 0]
----------------
[9, 0, 0]
----------------
[9, 0, 0]
----------------
[9, 0, 0]
----------------
[8, 0, 0]
----------------
[8, 0, 0]
----------------
[7, 0, 0]
----------------
[8, 0, 0]
----------------
[7, 0, 0]
----------------
[7, 0, 0]
----------------
[9, 0, 0]
----------------
[11, 0, 0]
----------------
[11, 0, 0]
----------------
[11, 0, 0]
----------------
[10, 0, 0]
----------------
[8, 0, 0]
----------------
[8, 0, 0]
----------------
[8, 0, 0]
----------------
[7, 0, 0]
----------------
[7, 0, 0]
----------------
[7, 0, 0]
----------------
[-8, 0, 0]
----------------
[-11, 0, 0]
----------------
[-12, 0, 0]
----------------
[-12, 0, 0]
----------------
[-11, 0, 0]
----------------
[-11, 0, 0]
----------------
[-6, 0, 0]
----------------
[2, 0, 0]
----------------
[21, 0, 0]
----------------
[29, 0, 0]
----------------
[39, 0, 0]
----------------
[41, 0, 0]
----------------
[42, 0, 0]
----------------
[46, 0, 0]
----------------
[50, 0, 0]
----------------
[54, 0, 0]
----------------
[55, 0, 0]
----------------
[55, 0, 0]
----------------
[55, 0, 0]
----------------
[54, 0, 0]
----------------
[54, 0, 0]
----------------
[54, 0, 0]
----------------
[54, 0, 0]
----------------
[56, 0, 0]
----------------
[55, 0, 0]
----------------
[55, 0, 0]
----------------
[55, 0, 0]
----------------
[55, 0, 0]
----------------
[54, 0, 0]
----------------
[54, 0, 0]
----------------
[54, 0, 0]
----------------
[54, 0, 0]
----------------
[54, 0, 0]
----------------
[54, 0, 0]
----------------
[54, 0, 0]
----------------
[54, 0, 0]
----------------
[34, 0, 0]
----------------
[12, 0, 0]
----------------
[1, 0, 0]
----------------
[1, 0, 0]
----------------
[1, 0, 0]
----------------
[1, 0, 0]
----------------
[31, 0, 0]
----------------
[45, 0, 0]
----------------
[27, 0, 0]
----------------
[13, 0, 0]
----------------
[10, 0, 0]
----------------
[9, 0, 0]
----------------
[9, 0, 0]
----------------
[19, 0, 0]
----------------
[4, 0.4313923716545105, 0.13515262465495803]
----------------
[4, 0.4391656517982483, 0.13987763093085748]
----------------
[4, 0.4382951557636261, 0.14096596174058343]
----------------
[4, 0.438480406999588, 0.14069067805666774]
----------------
[4, 0.43870019912719727, 0.14047016440801532]
----------------
[4, 0.43918466567993164, 0.14054233832169186]
----------------
[3, 0.44427764415740967, 0.14314635230431785]
----------------
[3, 0.4480716288089752, 0.14490046997109896]
----------------
[2, 0.44892120361328125, 0.14530272896816107]
----------------
[0, 0.447209894657135, 0.14710233578538404]
----------------
[-2, 0.44271570444107056, 0.14616883463954816]
----------------
[-2, 0.4417407512664795, 0.1465062868001859]
----------------
[-3, 0.4408947825431824, 0.14725193552100901]
----------------
[-2, 0.43776383996009827, 0.14685468058132464]
----------------
[-2, 0.4402140974998474, 0.14643334899429233]
----------------
[-1, 0.4445655643939972, 0.14901885173501217]
----------------
[-1, 0.44579967856407166, 0.14995138737656413]
----------------
[-1, 0.44605791568756104, 0.14868751653043086]
----------------
[-1, 0.44759267568588257, 0.14988801659628265]
----------------
[0, 0.4480075240135193, 0.1500863883161212]
----------------
[0, 0.44755879044532776, 0.14897998429201378]
----------------
[0, 0.44643881916999817, 0.14997109070592815]
----------------
[0, 0.44749248027801514, 0.14926528127562785]
----------------
[0, 0.4484288692474365, 0.14881482244566188]
----------------
[0, 0.449162095785141, 0.14931831499884815]
----------------
[0, 0.45007675886154175, 0.14992709411122526]
----------------
[0, 0.4496524930000305, 0.14996918658976124]
----------------
[0, 0.45026183128356934, 0.14953482737804313]
----------------
[0, 0.4506058096885681, 0.14946331513429822]
----------------
[0, 0.44915661215782166, 0.14884430488537534]
----------------
[5, 0.4442363381385803, 0.1475775025521311]
----------------
[13, 0.4420344829559326, 0.13934835782777663]
----------------
[27, 0.4256260097026825, 0.12241149818402795]
----------------
[40, 0.40167853236198425, 0.1044290028469985]
----------------
[51, 0.3835916519165039, 0.08800811444124271]
----------------
[53, 0.37434861063957214, 0.08324688565424386]
----------------
[54, 0.36851462721824646, 0.08220572627421574]
----------------
[54, 0.36227092146873474, 0.08238557722409948]
----------------
[53, 0.35588783025741577, 0.08207782850875674]
----------------
[53, 0.36212271451950073, 0.08125186446236358]
----------------
[53, 0.36319512128829956, 0.07967672273989057]
----------------
[52, 0.3707570433616638, 0.08231821779775411]
----------------
[51, 0.3731441795825958, 0.08211323915226125]
----------------
[51, 0.3728674352169037, 0.08291302620129845]
----------------
[50, 0.370346337556839, 0.08419203187908089]
----------------
[50, 0.3730986714363098, 0.08434274181838633]
----------------
[52, 0.3708236813545227, 0.08295810021482929]
----------------
[53, 0.3703775405883789, 0.08218166402489707]
----------------
[53, 0.37028399109840393, 0.0813959102987951]
----------------
[53, 0.37100374698638916, 0.08179443540065676]
----------------
[53, 0.370895117521286, 0.08182818896804199]
----------------
[52, 0.37103548645973206, 0.0814236425709503]
----------------
[53, 0.36502134799957275, 0.08150986835292312]
----------------
[54, 0.36281391978263855, 0.08034095923521457]
----------------
[53, 0.3589778542518616, 0.08103673611068603]
----------------
[53, 0.3608942925930023, 0.08079989724028762]
----------------
[53, 0.3624439835548401, 0.0814181528866367]
----------------
[53, 0.3668175935745239, 0.08038517417651954]
----------------
[54, 0.3665867745876312, 0.08110364497632093]
----------------
[53, 0.3641526401042938, 0.08109663648552397]
----------------
[53, 0.35665199160575867, 0.07938030254487984]
----------------
[53, 0.35976746678352356, 0.08001869165619356]
----------------
[53, 0.3616507351398468, 0.08071264065117138]
----------------
[53, 0.3645479083061218, 0.07897331133074723]
----------------
[53, 0.36399397253990173, 0.08000289368892322]
----------------
[50, 0.378023236989975, 0.0827980178477275]
----------------
[49, 0.3982371687889099, 0.0841459073838084]
----------------
[49, 0.4006117880344391, 0.08482217546313452]
----------------
[50, 0.4015822112560272, 0.08471797097112625]
----------------
[50, 0.3972642421722412, 0.08393534309270471]
----------------
[50, 0.40199628472328186, 0.08506757586603939]
----------------
[51, 0.39644622802734375, 0.08363403747991828]
----------------
[52, 0.39889848232269287, 0.08111894841968473]
----------------
[52, 0.3961651921272278, 0.07986236467573657]
----------------
[53, 0.3971284329891205, 0.08090658811434973]
----------------
[52, 0.39912229776382446, 0.08062445408519872]
----------------
[53, 0.4023813009262085, 0.08044946266273242]
----------------
[53, 0.40314120054244995, 0.08170292100096428]
----------------
[53, 0.4040967524051666, 0.0805227549777239]
----------------
[52, 0.4051966369152069, 0.08153083355257128]
----------------
[52, 0.4036654233932495, 0.08110702646341594]
----------------
[52, 0.40245556831359863, 0.080385505195436]
----------------
[52, 0.40120118856430054, 0.08190974406459717]
----------------
[51, 0.40257811546325684, 0.0818993637660037]
----------------
[51, 0.40256568789482117, 0.08053758805284537]
----------------
[51, 0.4044109582901001, 0.08185893873437793]
----------------
[51, 0.4000381529331207, 0.08037785475633592]
----------------
[51, 0.4050915539264679, 0.08148500408597278]
----------------
[51, 0.40381452441215515, 0.08114706805064446]
----------------
[51, 0.403410941362381, 0.08042963219074033]
----------------
[50, 0.3994347155094147, 0.08166562443152696]
----------------
[51, 0.3981334865093231, 0.08173898631826716]
----------------
[51, 0.3968842923641205, 0.08142989876093934]
----------------
[51, 0.40313956141471863, 0.08251391116541919]
----------------
[50, 0.4061325788497925, 0.08223807861924089]
----------------
[51, 0.40941929817199707, 0.082422324859282]
----------------
[51, 0.40195855498313904, 0.08147826320089833]
----------------
[51, 0.4030252993106842, 0.08187089932169438]
----------------
[50, 0.3946911692619324, 0.08069217293689225]
----------------
[50, 0.39333367347717285, 0.08139124453867413]
----------------
[50, 0.3913921117782593, 0.0809651414724782]
----------------
[50, 0.39186185598373413, 0.0814464600634958]
----------------
[50, 0.3878689110279083, 0.08118156776385997]
----------------
[50, 0.3877754807472229, 0.08243673427068192]
----------------
[49, 0.3926525413990021, 0.08400846739385572]
----------------
[49, 0.39275994896888733, 0.08411133278556247]
----------------
[38, 0.4010181427001953, 0.09816294813228918]
----------------
[-5, 0.4064454138278961, 0.14019117961216854]
----------------
[-28, 0.4980560541152954, 0.11921807266295029]
----------------
[-30, 0.5258872509002686, 0.1247070679034935]
----------------
[-34, 0.5536656379699707, 0.1190294740930575]
----------------
[-36, 0.5719184875488281, 0.12011506155733742]
----------------
[-37, 0.5732755064964294, 0.11875891579188146]
----------------
[-36, 0.5807105898857117, 0.11868819820415612]
----------------
[-38, 0.5790106654167175, 0.11635552240857618]
----------------
[-38, 0.5798246264457703, 0.1172908115914547]
----------------
[-47, 0.5499515533447266, 0.10819409675131168]
----------------
[-54, 0.5150015354156494, 0.10171395916903972]
----------------
[-55, 0.5130321383476257, 0.10133368034427676]
----------------
[-55, 0.5197622776031494, 0.10054180268218582]
----------------
[-55, 0.5222565531730652, 0.09947398661748577]
----------------
[-55, 0.5474416017532349, 0.09891778771807291]
----------------
[-54, 0.563901424407959, 0.09960683787434327]
----------------
[-52, 0.5657026767730713, 0.10249670773360912]
----------------
[-52, 0.576558530330658, 0.10565989879740294]
----------------
[-51, 0.5853087902069092, 0.10827633794644985]
----------------
[-51, 0.5924609303474426, 0.10846514193863938]
----------------
[-51, 0.5916272401809692, 0.10779378257813024]
----------------
[-52, 0.5951082110404968, 0.10647874296343882]
----------------
[-53, 0.5990318655967712, 0.10680365789347665]
----------------
[-54, 0.599652886390686, 0.10601700703539725]
----------------
[-54, 0.6019660830497742, 0.10697319931716322]
----------------
[-54, 0.6042419672012329, 0.10671028843406936]
----------------
[-53, 0.5888625979423523, 0.10595818537705183]
----------------
[-47, 0.5403790473937988, 0.11665884031198144]
----------------
[-46, 0.47625064849853516, 0.12362618155863538]
----------------
[-48, 0.4496707618236542, 0.1218419085106123]
----------------
[-49, 0.4254020154476166, 0.12101741695668652]
----------------
[-51, 0.4321456253528595, 0.1231371026421738]
----------------
[-54, 0.4363151788711548, 0.12188393758803909]
----------------
[-54, 0.43747812509536743, 0.11835137928613786]
----------------
[-53, 0.46228739619255066, 0.1183998289952509]
----------------
[-53, 0.49488624930381775, 0.12031979530200274]
----------------
[-50, 0.5129530429840088, 0.12269294866640827]
----------------
[-50, 0.5198302865028381, 0.12330951236747975]
----------------
[-51, 0.5156450867652893, 0.1203215835999621]
----------------
[-50, 0.5198827385902405, 0.12169076277203314]
----------------
[-50, 0.5234277248382568, 0.12188518020951834]
----------------
[-50, 0.524742603302002, 0.12051930511398515]
----------------
[-50, 0.5275656580924988, 0.1208067590909456]
----------------
[-51, 0.5320337414741516, 0.1198731067698699]
----------------
[-51, 0.5284562706947327, 0.11990562705986822]
----------------
[-50, 0.5036832690238953, 0.12595740050038803]
----------------
[3, 0.30566835403442383, 0.20721248532333222]
----------------
[3, 0.30566835403442383, 0.20721248532333222]
----------------
[3, 0.30566835403442383, 0.20721248532333222]
----------------
[3, 0.30566835403442383, 0.20721248532333222]
----------------
[3, 0.30566835403442383, 0.20721248532333222]
----------------
[3, 0.30566835403442383, 0.20721248532333222]
----------------
[3, 0.30566835403442383, 0.20721248532333222]
----------------
[3, 0.30566835403442383, 0.20721248532333222]
----------------
[3, 0.30566835403442383, 0.20721248532333222]
----------------
[3, 0.30566835403442383, 0.20721248532333222]
----------------
[3, 0.30566835403442383, 0.20721248532333222]
----------------
[3, 0.30566835403442383, 0.20721248532333222]
----------------
[3, 0.30566835403442383, 0.20721248532333222]
----------------
[3, 0.30566835403442383, 0.20721248532333222]
----------------
[3, 0.30566835403442383, 0.20721248532333222]
----------------
[3, 0.30566835403442383, 0.20721248532333222]
----------------
[30, 0.5517727136611938, 0.1545694312317374]
----------------
[28, 0.6369985938072205, 0.1640693240935126]
----------------
[37, 0.6789515614509583, 0.15148812914811052]
----------------
[7, 0.3956823945045471, 0.20165907882594097]
----------------
[-2, 0.3224748969078064, 0.22316313966731868]
----------------
[-10, 0.3322240710258484, 0.20196096701366262]
----------------
[-16, 0.3463273346424103, 0.18438183817105525]
----------------
[-16, 0.3463273346424103, 0.18438183817105525]
----------------
[-45, 0.42714762687683105, 0.13416044941956007]
----------------
[-6, 0.6258748769760132, 0.13983838299678308]
----------------
[-6, 0.6258748769760132, 0.13983838299678308]
----------------
[0, 0.5208221077919006, 0.14850921815870882]
----------------
[0, 0.49586331844329834, 0.14305438681194743]
----------------
[0, 0.49677419662475586, 0.14408572076802104]
----------------
[0, 0.49574050307273865, 0.14456323228156887]
----------------
[0, 0.495134174823761, 0.14348124045162566]
----------------
[0, 0.4952019453048706, 0.14394490122980702]
----------------
[0, 0.49808934330940247, 0.14318636948218624]
----------------
[-2, 0.5004600286483765, 0.14279486477588543]
----------------
[-2, 0.5016372799873352, 0.14361717515149577]
----------------
[12, 0.47531837224960327, 0.14185704994246603]
----------------
[28, 0.4166877269744873, 0.11190227039104735]
----------------
[45, 0.38061898946762085, 0.09521672862918694]
----------------
[46, 0.36666351556777954, 0.0882729281023493]
----------------
[47, 0.3609617352485657, 0.08270890957934947]
----------------
[50, 0.354230672121048, 0.07796789760361134]
----------------
[52, 0.3526454567909241, 0.07744570459367849]
----------------
[53, 0.34727227687835693, 0.07567627899415369]
----------------
[53, 0.3507028818130493, 0.07719102584386554]
----------------
[53, 0.34941545128822327, 0.07722866170388203]
----------------
[54, 0.35182806849479675, 0.07714497366992669]
----------------
[53, 0.3472507894039154, 0.07632916402449155]
----------------
[53, 0.3493216931819916, 0.07687367363652028]
----------------
[53, 0.3523326814174652, 0.07669481506387396]
----------------
[53, 0.3511352241039276, 0.07643787564067689]
----------------
[53, 0.35149481892585754, 0.07600810340392998]
----------------
[53, 0.3511432111263275, 0.07574141693897163]
----------------
[53, 0.35639363527297974, 0.07627333530164165]
----------------
[53, 0.35470661520957947, 0.07602771291292539]
----------------
[53, 0.3518538773059845, 0.0759718291634678]
----------------
[53, 0.3593660891056061, 0.07650443362069186]
----------------
[33, 0.39831316471099854, 0.12033693625281273]
----------------
[-33, 0.5039819478988647, 0.09643041251068037]
----------------
[-44, 0.5486674904823303, 0.09537863825565762]
----------------
[-46, 0.5569676756858826, 0.09228534615993907]
----------------
[-49, 0.5727154612541199, 0.09123812652370397]
----------------
[-50, 0.5722932815551758, 0.09141857706124588]
----------------
[-52, 0.5728362202644348, 0.09160487611410868]
----------------
[-54, 0.5673609375953674, 0.08699855179127966]
----------------
[-55, 0.5759735107421875, 0.08756582818954446]
----------------
[-54, 0.5802885890007019, 0.08779010409108019]
----------------
[-55, 0.5858560800552368, 0.08770877137893915]
----------------
[-54, 0.5860828757286072, 0.08847236108754811]
----------------
[-55, 0.5815534591674805, 0.08807168778031632]
----------------
[-54, 0.5437489151954651, 0.08730283786451118]
----------------
[-54, 0.5437489151954651, 0.08730283786451118]
----------------
[-53, 0.4526066482067108, 0.07241401340821754]
----------------
[-54, 0.45522376894950867, 0.07583381311573721]
----------------
[-53, 0.465111643075943, 0.07747393620995183]
----------------
[-54, 0.4715006351470947, 0.07719373971081792]
----------------
[-53, 0.47495517134666443, 0.07833449329518126]
----------------
[-53, 0.4768482446670532, 0.07842475970975599]
----------------
[-53, 0.4790908694267273, 0.07885614775453645]
----------------
[-53, 0.4787077307701111, 0.07876075627621049]
----------------
[-52, 0.4781738817691803, 0.07913758758130458]
----------------
[-53, 0.4782741069793701, 0.07909632898605702]
----------------
[-53, 0.48097577691078186, 0.07968943930821355]
----------------
[-48, 0.5007691383361816, 0.08327210451630246]
----------------
[-46, 0.5103540420532227, 0.08610314769329122]
----------------
[-43, 0.5185443162918091, 0.08971491759965666]
----------------
[-43, 0.5246115326881409, 0.08894722659149917]
----------------
[-43, 0.5263478755950928, 0.08972012623708808]
----------------
[-46, 0.5243449211120605, 0.08714813405244784]
----------------
[-51, 0.5208960175514221, 0.08051211730927403]
----------------
[-52, 0.5232927799224854, 0.08063629484464106]
----------------
[-53, 0.5236512422561646, 0.08053207778783306]
----------------
[-53, 0.5267810225486755, 0.08058078437268511]
----------------
[-52, 0.5284319519996643, 0.08115899159368606]
----------------
[-52, 0.53016197681427, 0.08136124055216182]
----------------
[-52, 0.5320512652397156, 0.08169763755932855]
----------------
[-52, 0.5324692130088806, 0.08184093596127913]
----------------
[-52, 0.5312483906745911, 0.08195760198574566]
----------------
[-52, 0.5306893587112427, 0.08149266943478778]
----------------
[-52, 0.5295731425285339, 0.08253601157457498]
----------------
[-43, 0.5628928542137146, 0.10392390967589178]
----------------
[25, 0.37121546268463135, 0.10956349528826814]
----------------
[39, 0.36547061800956726, 0.09400049982541515]
----------------
[40, 0.37586525082588196, 0.09307356310115251]
----------------
[41, 0.38496559858322144, 0.09326042188467262]
----------------
[43, 0.38294151425361633, 0.09214194547205876]
----------------
[44, 0.37355443835258484, 0.09112110933846809]
----------------
[49, 0.3827190101146698, 0.08852298588269632]
----------------
[54, 0.37498483061790466, 0.0850674364630844]
----------------
[55, 0.3623286783695221, 0.08423378426996109]
----------------
[55, 0.3585534989833832, 0.08271161500139416]
----------------
[52, 0.34756168723106384, 0.08218161858606084]
----------------
[51, 0.3427930176258087, 0.08330838669317442]
----------------
[50, 0.3432512581348419, 0.08515118986115804]
----------------
[50, 0.3453182876110077, 0.08391287811694437]
----------------
[49, 0.34645479917526245, 0.08441251225069932]
----------------
[48, 0.34730565547943115, 0.08383527385764163]
----------------
[50, 0.3532606363296509, 0.08345278059940191]
----------------
[49, 0.3510471284389496, 0.08338798272587362]
----------------
[49, 0.3531014919281006, 0.0839882030468976]
----------------
[49, 0.3551357388496399, 0.08327164464686371]
----------------
[50, 0.360090434551239, 0.08267993477276227]
----------------
[51, 0.3612913191318512, 0.08112338452523427]
----------------
[53, 0.37241625785827637, 0.08008470454335657]
----------------
[54, 0.3766743540763855, 0.08036152679752527]
----------------
[53, 0.3807244300842285, 0.08181151933309697]
----------------
[52, 0.3819572925567627, 0.08322208162288368]
----------------
[52, 0.38502755761146545, 0.08324362961140792]
----------------
[52, 0.3857402801513672, 0.08388297054089246]
----------------
[52, 0.3886200785636902, 0.08328592597043001]
----------------
[52, 0.39141646027565, 0.08345606987444062]
----------------
[52, 0.3932018578052521, 0.08368181383754962]
----------------
[51, 0.39552411437034607, 0.08299062487505737]
----------------
[50, 0.40639016032218933, 0.08578966303059923]
----------------
[41, 0.4005706310272217, 0.09136343986430144]
----------------
[41, 0.4005706310272217, 0.09136343986430144]
----------------
[41, 0.4005706310272217, 0.09136343986430144]
----------------
[41, 0.4005706310272217, 0.09136343986430144]
----------------
[41, 0.4005706310272217, 0.09136343986430144]
----------------
[41, 0.4005706310272217, 0.09136343986430144]
----------------
[41, 0.4005706310272217, 0.09136343986430144]
----------------
[41, 0.4005706310272217, 0.09136343986430144]
----------------
[41, 0.4005706310272217, 0.09136343986430144]
----------------
[41, 0.4005706310272217, 0.09136343986430144]
----------------
[41, 0.4005706310272217, 0.09136343986430144]
----------------
[41, 0.4005706310272217, 0.09136343986430144]
----------------
[41, 0.4005706310272217, 0.09136343986430144]
----------------
[41, 0.4005706310272217, 0.09136343986430144]
----------------
[41, 0.4005706310272217, 0.09136343986430144]
----------------
[41, 0.4005706310272217, 0.09136343986430144]
----------------
[41, 0.4005706310272217, 0.09136343986430144]
----------------
[41, 0.4005706310272217, 0.09136343986430144]
----------------
[41, 0.4005706310272217, 0.09136343986430144]
----------------
[41, 0.4005706310272217, 0.09136343986430144]
----------------
[41, 0.4005706310272217, 0.09136343986430144]
----------------
[41, 0.4005706310272217, 0.09136343986430144]
----------------
[41, 0.4005706310272217, 0.09136343986430144]
----------------
[41, 0.4005706310272217, 0.09136343986430144]
----------------
[41, 0.4005706310272217, 0.09136343986430144]
----------------
[41, 0.4005706310272217, 0.09136343986430144]
----------------
[41, 0.4005706310272217, 0.09136343986430144]
----------------
[41, 0.4005706310272217, 0.09136343986430144]
----------------
[41, 0.4005706310272217, 0.09136343986430144]
----------------
[41, 0.4005706310272217, 0.09136343986430144]
----------------
[41, 0.4005706310272217, 0.09136343986430144]
----------------
[41, 0.4005706310272217, 0.09136343986430144]
----------------
[41, 0.4005706310272217, 0.09136343986430144]
----------------
[41, 0.4005706310272217, 0.09136343986430144]
----------------
[41, 0.4005706310272217, 0.09136343986430144]
----------------
[41, 0.4005706310272217, 0.09136343986430144]
----------------
[41, 0.4005706310272217, 0.09136343986430144]
----------------
[41, 0.4005706310272217, 0.09136343986430144]
----------------
[41, 0.4005706310272217, 0.09136343986430144]
----------------
[41, 0.4005706310272217, 0.09136343986430144]
----------------
[41, 0.4005706310272217, 0.09136343986430144]
----------------
[10, 0.5811183452606201, 0.13578197403026668]
----------------
[10, 0.5811183452606201, 0.13578197403026668]
----------------
[0, 0.5739327669143677, 0.14980943232545707]
----------------
[0, 0.5707515478134155, 0.14600947964088176]
----------------
[-2, 0.5749556422233582, 0.13827986315400653]
----------------
[-1, 0.5758752226829529, 0.1352318942446753]
----------------
[0, 0.5704485774040222, 0.13420053014946942]
----------------
[-1, 0.574835479259491, 0.13132673869703354]
----------------
[-1, 0.5771408677101135, 0.13262045272292664]
----------------
[-1, 0.5796173810958862, 0.13262247213816442]
----------------
[-1, 0.5788077116012573, 0.1327756643002673]
----------------
[-1, 0.5780302882194519, 0.13307605881692994]
----------------
[0, 0.5767035484313965, 0.13342017037879667]
----------------
[-1, 0.578324019908905, 0.13241544521785187]
----------------
[0, 0.5786734223365784, 0.13221785441962278]
----------------
[-1, 0.5786287784576416, 0.13187558626265508]
----------------
[0, 0.5801578164100647, 0.1322099140112725]
----------------
[-1, 0.5802642107009888, 0.13193817392584975]
----------------
[0, 0.5812455415725708, 0.13195494321864593]
----------------
[0, 0.5812349319458008, 0.13234212072583246]
----------------
[-1, 0.5808640718460083, 0.1323423049192897]
----------------
[-1, 0.5819557905197144, 0.1316372676518546]
----------------
[-1, 0.586122453212738, 0.1317250053500146]
----------------
[-1, 0.5883296728134155, 0.13163385161091443]
----------------
[-1, 0.5922311544418335, 0.13405469235593928]
----------------
[-1, 0.5939234495162964, 0.1345217094837338]
----------------
[-1, 0.5926723480224609, 0.13329235727442218]
----------------
[-1, 0.5897643566131592, 0.13459459359936377]
----------------
[-1, 0.5883679986000061, 0.1328595032391477]
----------------
[-1, 0.5876893401145935, 0.13359798696704964]
----------------
[-1, 0.5884868502616882, 0.13404209305127524]
----------------
[-1, 0.5892195105552673, 0.1334815969567767]
----------------
[-1, 0.5892159938812256, 0.1328960282649844]
----------------
[-1, 0.5877797603607178, 0.1334860338208769]
----------------
[0, 0.5875319838523865, 0.1332759142087444]
----------------
[-1, 0.5873379111289978, 0.13337924296224865]
----------------
[-1, 0.5891795754432678, 0.13314647151310938]
----------------
[-1, 0.5875155925750732, 0.13375490684983743]
----------------
[-1, 0.5866092443466187, 0.13289698570433173]
----------------
[-1, 0.5880526900291443, 0.13403165165820116]
----------------
[-1, 0.5893479585647583, 0.13327743184048135]
----------------
[-1, 0.5891225934028625, 0.13230560627088453]
----------------
[-1, 0.5886467695236206, 0.1330647023674133]
----------------
[-1, 0.5899437069892883, 0.13293715425319755]
----------------
[-1, 0.5889183282852173, 0.13179709132080955]
----------------
[-1, 0.5894860625267029, 0.1323735126275584]
----------------
[-1, 0.5907304883003235, 0.13268532925357515]
----------------
[-2, 0.5901582837104797, 0.1339588980768643]
----------------
[-2, 0.5883855223655701, 0.13374908843101663]
----------------
[-1, 0.5814084410667419, 0.1325490427132746]
----------------
[0, 0.5757466554641724, 0.13446419311565883]
----------------
[-1, 0.5726749897003174, 0.1329793039734692]
----------------
[0, 0.5707205533981323, 0.13392752541261485]
----------------
[-1, 0.5701448321342468, 0.13301795600790717]
----------------
[-2, 0.5700511932373047, 0.1326646140787759]
----------------
[-5, 0.5692726373672485, 0.13192312811712795]
----------------
[-8, 0.5672489404678345, 0.1322410052025088]
----------------
[-8, 0.5644799470901489, 0.12984640292852354]
----------------
[-9, 0.5632169246673584, 0.12838735375438268]
----------------
[-9, 0.5643218159675598, 0.12929685435963884]
----------------
[-8, 0.5666755437850952, 0.1309923036086854]
----------------
[-7, 0.5686131715774536, 0.13191933969992584]
----------------
[0, 0.5799574851989746, 0.1319440025897608]
----------------
[0, 0.5817633271217346, 0.13166796763000368]
----------------
[1, 0.5837623476982117, 0.1322819541467656]
----------------
[1, 0.5855002999305725, 0.13242010212116104]
----------------
[2, 0.585286557674408, 0.13179445939075726]
----------------
[1, 0.5858364105224609, 0.13235256976269769]
----------------
[2, 0.5851266980171204, 0.13101958073943282]
----------------
[2, 0.5849329233169556, 0.13057088670471909]
----------------
[1, 0.5856624245643616, 0.13108335155226228]
----------------
[1, 0.5852188467979431, 0.1333006230731033]
----------------
[1, 0.5850878953933716, 0.13289976326727493]
----------------
[1, 0.585965633392334, 0.13212030157528395]
----------------
[1, 0.5859293937683105, 0.13299345756093958]
----------------
[1, 0.5869543552398682, 0.13178642614700964]
----------------
[1, 0.585458517074585, 0.13383776084681515]
----------------
[2, 0.5812420845031738, 0.13189724004753625]
----------------
[1, 0.5807361006736755, 0.1307503725422826]
----------------
[1, 0.5822734832763672, 0.13197497243257156]
----------------
[1, 0.581209659576416, 0.13095854366340154]
----------------
[1, 0.5817046761512756, 0.13097062446899518]
----------------
[1, 0.5822081565856934, 0.1303215020244451]
----------------
[2, 0.582593560218811, 0.13095047537920868]
----------------
[1, 0.5834150314331055, 0.1312492383329062]
----------------
[1, 0.5831975936889648, 0.13153175519062985]
----------------
[1, 0.5827837586402893, 0.13048111269043572]
----------------
[1, 0.584839940071106, 0.13107774087363974]
----------------
[1, 0.5841242671012878, 0.13106159568790682]
----------------
[1, 0.5838714241981506, 0.13155558419912028]
----------------
[1, 0.5826201438903809, 0.13127957511071495]
----------------
[1, 0.5823101997375488, 0.131178862062086]
----------------
[1, 0.5815073847770691, 0.1314791962199571]
----------------
[0, 0.5806092619895935, 0.13182297404843268]
----------------
[1, 0.5822161436080933, 0.13142909492863572]
----------------
[1, 0.5824254155158997, 0.1323363903252718]
----------------
[1, 0.5853688716888428, 0.13127255822059117]
----------------
[1, 0.585605800151825, 0.13185153477368527]
----------------
[1, 0.5894726514816284, 0.13146349108076424]
----------------
[0, 0.589114785194397, 0.13183453002952392]
----------------
[1, 0.5876197218894958, 0.13162207800028]
----------------
[1, 0.5857020020484924, 0.12997885394390557]
----------------
[1, 0.5833936333656311, 0.13167956050534113]
----------------
[1, 0.5832579731941223, 0.13066147098505415]
----------------
[1, 0.5835214257240295, 0.13094188501340215]
----------------
[1, 0.5820239782333374, 0.13023575556474326]
----------------
[0, 0.584251880645752, 0.1307221522485957]
----------------
[0, 0.5838427543640137, 0.13064534640773431]
----------------
[1, 0.5856895446777344, 0.1311737376667873]
----------------
[1, 0.5847667455673218, 0.13074718171674948]
----------------
[1, 0.5849596261978149, 0.1307223198057351]
----------------
[1, 0.5812796354293823, 0.13125603556657503]
----------------
[1, 0.5788838863372803, 0.13226981115079475]
----------------
[1, 0.5803004503250122, 0.13065254664306544]
----------------
[1, 0.5827813744544983, 0.13083173620285807]
----------------
[1, 0.5841114521026611, 0.13060772232214207]
----------------
[1, 0.5823856592178345, 0.13138360198867985]
----------------
[0, 0.5804271101951599, 0.13257331298806965]
----------------
[0, 0.583620011806488, 0.1337734129821276]
----------------
[0, 0.5818090438842773, 0.13550445771884784]
----------------
[0, 0.5826062560081482, 0.13549387772935806]
----------------
[0, 0.5842828154563904, 0.13523778635902484]
----------------
[0, 0.5896620750427246, 0.13663343532334335]
----------------
[0, 0.5926859974861145, 0.137477586888883]
----------------
[0, 0.5913169384002686, 0.13849523301801905]
----------------
[0, 0.596001148223877, 0.13870744658829065]
----------------
[0, 0.5946010947227478, 0.13950284186820627]
----------------
[0, 0.5949885845184326, 0.13891382310800204]
----------------
[0, 0.5933576822280884, 0.13860437266996312]
----------------
[0, 0.5926848649978638, 0.1383323155503987]
----------------
[0, 0.5925837159156799, 0.1386278281945678]
----------------
[0, 0.5924429893493652, 0.13827179615975568]
----------------
[0, 0.5916379690170288, 0.13731532417757403]
----------------
[0, 0.5917677879333496, 0.13789494210951925]
----------------
[0, 0.5926225185394287, 0.13817169756298392]
----------------
[0, 0.5927216410636902, 0.13808625117456041]
----------------
[0, 0.5927215814590454, 0.1376879901876074]
----------------
[0, 0.5913639664649963, 0.13916260624372992]
----------------
[1, 0.5623327493667603, 0.13411128856278967]
----------------
[3, 0.5450869798660278, 0.12847377748894534]
----------------
[2, 0.5420134663581848, 0.12878193128405163]
----------------
[0, 0.5450795888900757, 0.13192254299658818]
----------------
[-4, 0.5444062948226929, 0.13345423697949077]
----------------
[-6, 0.5446711778640747, 0.1336312034125906]
----------------
[-6, 0.5454782247543335, 0.13282034979081733]
----------------
[-5, 0.5476938486099243, 0.1345227883483198]
----------------
[-5, 0.5485512018203735, 0.13461196508981826]
----------------
[-3, 0.5502135157585144, 0.1352949178051439]
----------------
[-1, 0.5545103549957275, 0.13476482530972675]
----------------
[-1, 0.5574951767921448, 0.13514291725073482]
----------------
[-1, 0.557863712310791, 0.13684678175288897]
----------------
[-1, 0.5593505501747131, 0.13577173887593638]
----------------
[1, 0.5526111125946045, 0.13411775693894562]
----------------
[1, 0.5509113073348999, 0.13379813888973496]
----------------
[1, 0.5508049130439758, 0.13244336097886492]
----------------
[2, 0.5479351282119751, 0.13299904880062782]
----------------
[1, 0.5479491949081421, 0.13171912592079274]
----------------
[1, 0.5517783164978027, 0.13226168021578655]
----------------
[1, 0.5527430772781372, 0.1325634458367933]
----------------
[1, 0.5545771718025208, 0.13268064342236738]
----------------
[4, 0.5529271364212036, 0.1316118932121054]
----------------
[7, 0.5505815148353577, 0.120679960887337]
----------------
[7, 0.5468295216560364, 0.11810396121817018]
----------------
[7, 0.5442764759063721, 0.11402913429703941]
----------------
[7, 0.5445438623428345, 0.11433005506753582]
----------------
[6, 0.5441052913665771, 0.1157071254131103]
----------------
[6, 0.5447568893432617, 0.11529022497305952]
----------------
[5, 0.5431985259056091, 0.11358490212749357]
----------------
[4, 0.5462052822113037, 0.11480723028937721]
----------------
[4, 0.5467925071716309, 0.11595110972498339]
----------------
[3, 0.5478242635726929, 0.1167240774629413]
----------------
[4, 0.5477246046066284, 0.11576173802711404]
----------------
[4, 0.5474109053611755, 0.11593341550387236]
----------------
[4, 0.5462292432785034, 0.11537887246538654]
----------------
[-1, 0.5472390055656433, 0.11476917710865368]
----------------
[-1, 0.5478300452232361, 0.1168924148808458]
----------------
[-1, 0.547648012638092, 0.11690087935824722]
----------------
[-1, 0.5492891073226929, 0.11680952713409928]
----------------
[-1, 0.5510807037353516, 0.11726961620538945]
----------------
[6, 0.5553601384162903, 0.11664518017916298]
----------------
[5, 0.5565822124481201, 0.11646517660787518]
----------------
[5, 0.5550897121429443, 0.1164829815874211]
----------------
[6, 0.5547430515289307, 0.11511688652687523]
----------------
[5, 0.5565115809440613, 0.11485434118124366]
----------------
[5, 0.5583291053771973, 0.11494621432234753]
----------------
[0, 0.5616660118103027, 0.12041843449798761]
----------------
[-1, 0.5712767243385315, 0.12814609826347953]
----------------
[-1, 0.5710644125938416, 0.13052496429461094]
----------------
[-1, 0.5688921213150024, 0.13068979637927064]
----------------
[-1, 0.5658590793609619, 0.13346516831674995]
----------------
[-2, 0.5633174180984497, 0.1318078188348074]
----------------
[-2, 0.5586099028587341, 0.13254804509611454]
----------------
[-2, 0.5558900237083435, 0.13205046287032224]
----------------
[-2, 0.5524258613586426, 0.1327997681162445]
----------------
[-2, 0.5508953332901001, 0.13119784078594834]
----------------
[-2, 0.5507006049156189, 0.1319538063168774]
----------------
[-2, 0.5512902736663818, 0.13166740500028995]
----------------
[-2, 0.5497612953186035, 0.13383975912685522]
----------------
[-2, 0.5502444505691528, 0.13202355531600682]
----------------
[-2, 0.5504490733146667, 0.13336221551252456]
----------------
[-2, 0.5493940711021423, 0.13361579196626802]
----------------
[-2, 0.5493541359901428, 0.13260344854264852]
----------------
[-2, 0.5507731437683105, 0.13319506268039935]
----------------
[-2, 0.5516021251678467, 0.13274882482788536]
----------------
[-2, 0.5495733022689819, 0.1322541135999962]
----------------
[-2, 0.5515941381454468, 0.13205993348237355]
----------------
[-2, 0.5519691705703735, 0.13365830144872343]
----------------
[-2, 0.5515843629837036, 0.13140673099795558]
----------------
[-2, 0.5511141419410706, 0.1320253631714636]
----------------
[-2, 0.5513713955879211, 0.1329229220997418]
----------------
[-2, 0.551637589931488, 0.13269599145156175]
----------------
[-2, 0.5516691207885742, 0.13232813109468247]
----------------
[-2, 0.5510045289993286, 0.13293349902039905]
----------------
[-2, 0.5514376163482666, 0.13285959626752497]
----------------
[-2, 0.5508405566215515, 0.13171063592331547]
----------------
[-2, 0.5512410998344421, 0.13191314756060293]
----------------
[-2, 0.55320143699646, 0.1328316979928216]
----------------
[-2, 0.5533034801483154, 0.13165125914841794]
----------------
[-2, 0.554390013217926, 0.13217019196594001]
----------------
[-2, 0.5529471039772034, 0.13285945105697014]
----------------
[-2, 0.5530907511711121, 0.13295569665042112]
----------------
[-2, 0.558178722858429, 0.1334377311146907]
----------------
[0, 0.5731268525123596, 0.13456262891483164]
----------------
[-1, 0.6056021451950073, 0.13077120066212505]
----------------
[-1, 0.621071994304657, 0.13198915276886553]
----------------
[-2, 0.6244193315505981, 0.1297163903885152]
----------------
[-2, 0.6301722526550293, 0.12860958891317864]
----------------
[-2, 0.6329988241195679, 0.12793619933044936]
----------------
[-1, 0.6262993216514587, 0.13381936904392758]
----------------
[0, 0.6180142164230347, 0.13432242972813452]
----------------
[0, 0.6242903470993042, 0.13509249430507925]
----------------
[0, 0.6245735883712769, 0.1357349171185001]
----------------
[0, 0.605755090713501, 0.13871369330324992]
----------------
[0, 0.605755090713501, 0.13871369330324992]
----------------
[0, 0.605755090713501, 0.13871369330324992]
----------------
[39, 0.7930552959442139, 0.09809584539177599]
----------------
[20, 0.8114021420478821, 0.14467712325923604]
----------------
[20, 0.8114021420478821, 0.14467712325923604]
----------------
[14, 0.80535489320755, 0.21309222193133376]
----------------
[14, 0.80535489320755, 0.21309222193133376]
----------------
[12, 0.7712926864624023, 0.18659674089839232]
----------------
[12, 0.7712926864624023, 0.18659674089839232]
----------------
[17, 0.8090651035308838, 0.1909567442806038]
----------------
[17, 0.8090651035308838, 0.1909567442806038]
----------------
[17, 0.8090651035308838, 0.1909567442806038]
----------------
[17, 0.8090651035308838, 0.1909567442806038]
----------------
[90, 0.6055879592895508, 0.10874981148139913]
----------------
[90, 0.6099399924278259, 0.10961619735176195]
----------------
[90, 0.6108003854751587, 0.11233326189310792]
----------------
[90, 0.6122391223907471, 0.11142870394745616]
----------------
[90, 0.6121770143508911, 0.1128506677199491]
----------------
[90, 0.6136518120765686, 0.11151141493999028]
----------------
[90, 0.6137913465499878, 0.11272431240668032]
----------------
[90, 0.6140480637550354, 0.11140583950473255]
----------------
[90, 0.6149135231971741, 0.1123046611379064]
----------------
[86, 0.6143080592155457, 0.1124447012689699]
----------------
[86, 0.6144572496414185, 0.11133451297136665]
----------------
[86, 0.6149038672447205, 0.11259629736170634]
----------------
[86, 0.6155497431755066, 0.11195275541416844]
----------------
[86, 0.6155003905296326, 0.1131928048565172]
----------------
[86, 0.6169871091842651, 0.11281035213248676]
----------------
[86, 0.6163252592086792, 0.11288002433213043]
----------------
[86, 0.6174516081809998, 0.11198892975046183]
----------------
[59, 0.6183396577835083, 0.10977699883012121]
----------------
[59, 0.6183396577835083, 0.10977699883012121]
----------------
[59, 0.6183396577835083, 0.10977699883012121]
----------------
[-87, 0.6708846688270569, 0.06816511772330819]
----------------
[-90, 0.6795660257339478, 0.07352201691846837]
----------------
[-90, 0.6832998991012573, 0.07650614731959207]
----------------
[-90, 0.6830947995185852, 0.07698369667955819]
----------------
[-90, 0.6833255887031555, 0.07618183664743303]
----------------
[-90, 0.6843895316123962, 0.0768343522222429]
----------------
[-90, 0.6837568879127502, 0.07696836791570434]
----------------
[-90, 0.6866990923881531, 0.07764094076116275]
----------------
[-90, 0.6815862059593201, 0.0775239516249607]
----------------
[69, 0.5840408802032471, 0.11136221587524944]
----------------
[90, 0.5414174199104309, 0.0973665218383747]
----------------
[90, 0.5205003023147583, 0.08032260911334155]
----------------
[90, 0.5140817165374756, 0.0741192257581516]
----------------
[90, 0.5014227628707886, 0.06942837219178823]
----------------
[90, 0.4968639314174652, 0.06842931941072805]
----------------
[90, 0.4965609908103943, 0.0676386202809348]
----------------
[90, 0.4976320266723633, 0.06777325738866122]
----------------
[90, 0.5015288591384888, 0.06720074372478302]
----------------
[90, 0.5043103098869324, 0.06774569094134852]
----------------
[90, 0.5220131278038025, 0.0732261894786089]
----------------
[90, 0.5710898041725159, 0.09913452158110098]
----------------
[90, 0.5974788069725037, 0.11757843439030746]
----------------
[90, 0.6001191735267639, 0.11658839992163074]
----------------
[83, 0.6101481318473816, 0.116719712157861]
----------------
[73, 0.6179766654968262, 0.11764227675549059]
----------------
[59, 0.625440239906311, 0.11522191596130191]
----------------
[45, 0.6298269033432007, 0.11315600735672354]
----------------
[42, 0.6300641298294067, 0.11165304222313262]
----------------
[42, 0.6316201686859131, 0.11234447198362855]
----------------
[45, 0.6339105367660522, 0.11339892461220501]
----------------
[52, 0.6399082541465759, 0.116815140896167]
----------------
[83, 0.65410977602005, 0.12316179888513278]
----------------
[90, 0.6551954746246338, 0.1233401846344041]
----------------
[90, 0.6541457772254944, 0.12136871929408394]
----------------
[90, 0.6548385620117188, 0.12197234524094906]
----------------
[90, 0.654857873916626, 0.1215362221121159]
----------------
[90, 0.6553567051887512, 0.12194523226500072]
----------------
[90, 0.6532625555992126, 0.12235010735992365]
----------------
[90, 0.6526110172271729, 0.12204400908630703]
----------------
[90, 0.6405974626541138, 0.11749561833282626]
----------------
[90, 0.6192960143089294, 0.10330706153749869]
----------------
[90, 0.6112392544746399, 0.10382718968264651]
----------------
[90, 0.616689145565033, 0.10472573474099622]
----------------
[90, 0.6172573566436768, 0.10517685146541632]
----------------
[90, 0.6174297332763672, 0.1056843403766096]
----------------
[90, 0.6235456466674805, 0.10978711095851365]
----------------
[90, 0.6397807598114014, 0.12588291813387706]
----------------
[59, 0.6497310400009155, 0.11819232744683268]
----------------
[56, 0.6533965468406677, 0.11962664873048254]
----------------
[52, 0.6540957689285278, 0.11803282205364124]
----------------
[59, 0.6574337482452393, 0.12018517160878461]
----------------
[62, 0.6612409353256226, 0.1210032138282096]
----------------
[66, 0.6642225980758667, 0.12004156716615955]
----------------
[73, 0.664243757724762, 0.12352248059863748]
----------------
[76, 0.6629191040992737, 0.12333541829306222]
----------------
[79, 0.6510289907455444, 0.12127241081830922]
----------------
[86, 0.602688193321228, 0.13764393918611714]
----------------
[86, 0.5854992270469666, 0.1579710705419468]
----------------
[83, 0.6232446432113647, 0.17768670218889568]
----------------
[79, 0.6332048177719116, 0.18670599145746763]
----------------
[79, 0.6347281336784363, 0.18691904935940157]
----------------
[83, 0.6442311406135559, 0.19105680456867216]
----------------
[79, 0.6459654569625854, 0.1901256133883107]
----------------
[83, 0.6488624811172485, 0.1927673727411451]
----------------
[79, 0.652319073677063, 0.19495135815391695]
----------------
[76, 0.6528735756874084, 0.19309300586696274]
----------------
[76, 0.6566803455352783, 0.19127653692429214]
----------------
[86, 0.6615451574325562, 0.1920055244744768]
----------------
[90, 0.662468671798706, 0.1882249542767081]
----------------
[90, 0.6713724136352539, 0.1877066508970332]
----------------
[90, 0.6713191270828247, 0.18419373471719439]
----------------
[90, 0.6659838557243347, 0.1777625500540985]
----------------
[90, 0.6668919324874878, 0.17463527887289612]
----------------
[90, 0.664692223072052, 0.1705290673081221]
----------------
[90, 0.6616102457046509, 0.17267757892407515]
----------------
[90, 0.6595640182495117, 0.17215520443176743]
----------------
[90, 0.6622937917709351, 0.17418755938058142]
----------------
[90, 0.6594807505607605, 0.17466081125698135]
----------------
[90, 0.6599862575531006, 0.173892790646508]
----------------
[90, 0.6615780591964722, 0.1731856920055861]
----------------
[90, 0.6614189147949219, 0.17429688706431865]
----------------
[90, 0.6635170578956604, 0.17402542303397933]
----------------
[90, 0.6647766828536987, 0.17446963186159695]
----------------
[90, 0.6657577157020569, 0.17557940678576486]
----------------
[90, 0.6666643023490906, 0.1739975712386561]
----------------
[90, 0.6630975008010864, 0.17504608299361527]
----------------
[90, 0.6614570617675781, 0.176144653747039]
----------------
[90, 0.661835789680481, 0.17537026225400795]
----------------
[90, 0.6661399602890015, 0.17230966438968426]
----------------
[90, 0.6677836179733276, 0.1742811146680806]
----------------
[90, 0.6668102145195007, 0.17663696500755968]
----------------
[90, 0.6669131517410278, 0.17461561336881293]
----------------
[90, 0.6647477149963379, 0.17670247262364333]
----------------
[90, 0.670852541923523, 0.17186766943465406]
----------------
[90, 0.7335216999053955, 0.17093609329236503]
----------------
[90, 0.8108752965927124, 0.1522777149747803]
----------------
[90, 0.8755590319633484, 0.1598485219548952]
----------------
[90, 0.916729211807251, 0.14953231390076516]
----------------
[90, 0.9394423365592957, 0.1410603401864376]
----------------
[90, 0.9487293362617493, 0.1382154674186855]
----------------
[90, 0.931410551071167, 0.13818078751513174]
----------------
[90, 0.893905758857727, 0.14134545293187767]
----------------
[90, 0.8475630879402161, 0.1385215072798101]
----------------
[90, 0.8353782892227173, 0.1363909057140969]
----------------
[90, 0.8254890441894531, 0.13638983231422552]
----------------
[90, 0.7974492311477661, 0.13096328219285425]
----------------
[90, 0.7747625708580017, 0.12473134960531765]
----------------
[90, 0.7582511305809021, 0.12472684689623183]
----------------
[90, 0.7685255408287048, 0.12391703075776703]
----------------
[90, 0.7472754120826721, 0.12472658033679297]
----------------
[90, 0.6856582164764404, 0.13203090638240636]
----------------
[90, 0.6659930348396301, 0.1244002075118089]
----------------
[90, 0.6766748428344727, 0.1240870154233617]
----------------
[90, 0.6776415705680847, 0.12626910576955747]
----------------
[90, 0.6961294412612915, 0.12613687992834774]
----------------
[90, 0.7508557438850403, 0.10357082478042307]
----------------
[90, 0.8017653226852417, 0.11697850370639608]
----------------
[90, 0.8049253225326538, 0.11914844827093665]
----------------
[90, 0.8055624961853027, 0.12058661055738083]
----------------
[90, 0.8009822964668274, 0.12021329008690217]
----------------
[90, 0.7996737360954285, 0.11804178024662482]
----------------
[90, 0.7976117134094238, 0.11690864059340932]
----------------
[90, 0.7998224496841431, 0.11732303706650762]
----------------
[90, 0.7976483702659607, 0.11620742637313367]
----------------
[90, 0.798238217830658, 0.11635846539869199]
----------------
[90, 0.7979674339294434, 0.11520409013105423]
----------------
[90, 0.7981326580047607, 0.11559798119342866]
----------------
[90, 0.7977679371833801, 0.11401556856822462]
----------------
[90, 0.7998521327972412, 0.11646114037888759]
----------------
[90, 0.7970428466796875, 0.11659586617245274]
----------------
[90, 0.7500941753387451, 0.1289045957296907]
----------------
[90, 0.7244455218315125, 0.12051587474076364]
----------------
[90, 0.7294206023216248, 0.12037376356467774]
----------------
[90, 0.733521580696106, 0.12291635162871097]
----------------
[90, 0.7342921495437622, 0.12366187718460268]
----------------
[90, 0.7354044318199158, 0.12386607468856141]
----------------
[90, 0.7352792620658875, 0.12352457438528694]
----------------
[90, 0.7362636923789978, 0.12402835607182398]
----------------
[90, 0.7358967065811157, 0.1229088666091453]
----------------
[90, 0.7366293668746948, 0.1238907398653279]
----------------
[90, 0.7366215586662292, 0.12405004437743222]
----------------
[90, 0.7352992296218872, 0.12306621226313945]
----------------
[90, 0.7370805740356445, 0.12344688750432523]
----------------
[90, 0.735150158405304, 0.12277668062295564]
----------------
[90, 0.7356957793235779, 0.1219729731706625]
----------------
[90, 0.7352786064147949, 0.12374216175501061]
----------------
[90, 0.7335786819458008, 0.12226364572388765]
----------------
[90, 0.735381007194519, 0.1236599390397846]
----------------
[90, 0.7312354445457458, 0.12266924584357929]
----------------
[90, 0.7056145071983337, 0.12249792147458977]
----------------
[90, 0.6498326659202576, 0.12901547123120677]
----------------
[90, 0.6498326659202576, 0.12901547123120677]
----------------
[90, 0.6498326659202576, 0.12901547123120677]
----------------
[90, 0.32404375076293945, 0.1255195509744873]
----------------
[90, 0.3126398026943207, 0.1287222507507309]
----------------
[90, 0.3129119575023651, 0.13169062337358]
----------------
[90, 0.3149043917655945, 0.1312111197603633]
----------------
[90, 0.3186105787754059, 0.13242038417775093]
----------------
[90, 0.3220902681350708, 0.13305232038264989]
----------------
[90, 0.3211955726146698, 0.13223631856175838]
----------------
[90, 0.32130953669548035, 0.1327676409508851]
----------------
[90, 0.3219306170940399, 0.13251779885628537]
----------------
[90, 0.3229546546936035, 0.13196192130201703]
----------------
[90, 0.32458531856536865, 0.1322371609093002]
----------------
[90, 0.3246745467185974, 0.13278738988319674]
----------------
[90, 0.324849396944046, 0.13202462532620682]
----------------
[90, 0.3256533145904541, 0.13234335360885727]
----------------
[90, 0.32652413845062256, 0.1321162650298532]
----------------
[90, 0.3292447030544281, 0.13178913608768267]
----------------
[90, 0.34740036725997925, 0.13051679808482006]
----------------
[90, 0.34740036725997925, 0.13051679808482006]
----------------
[90, 0.34740036725997925, 0.13051679808482006]
----------------
[90, 0.34740036725997925, 0.13051679808482006]
----------------
[90, 0.34740036725997925, 0.13051679808482006]
----------------
[90, 0.34740036725997925, 0.13051679808482006]
----------------
[90, 0.34740036725997925, 0.13051679808482006]
----------------
[90, 0.34740036725997925, 0.13051679808482006]
----------------
[90, 0.34740036725997925, 0.13051679808482006]
----------------
[90, 0.34740036725997925, 0.13051679808482006]
----------------
[90, 0.34740036725997925, 0.13051679808482006]
----------------
[90, 0.34740036725997925, 0.13051679808482006]
----------------
[90, 0.34740036725997925, 0.13051679808482006]
----------------
[90, 0.34740036725997925, 0.13051679808482006]
----------------
[90, 0.34740036725997925, 0.13051679808482006]
----------------
[90, 0.34740036725997925, 0.13051679808482006]
----------------
[90, 0.34740036725997925, 0.13051679808482006]
----------------
[90, 0.34740036725997925, 0.13051679808482006]
----------------
[90, 0.34740036725997925, 0.13051679808482006]
----------------
[90, 0.34740036725997925, 0.13051679808482006]
----------------
[90, 0.34740036725997925, 0.13051679808482006]
----------------
[90, 0.34740036725997925, 0.13051679808482006]
----------------
[90, 0.34740036725997925, 0.13051679808482006]
----------------
[90, 0.34740036725997925, 0.13051679808482006]
----------------
[90, 0.34740036725997925, 0.13051679808482006]
----------------
[90, 0.34740036725997925, 0.13051679808482006]
----------------
[90, 0.34740036725997925, 0.13051679808482006]
----------------
[90, 0.34740036725997925, 0.13051679808482006]
----------------
[90, 0.39003869891166687, 0.14411385919565087]
----------------
[90, 0.43893688917160034, 0.15655215108518472]
----------------
[90, 0.4857139587402344, 0.15251994223548532]
----------------
[90, 0.5136122107505798, 0.14716836790808663]
----------------
[90, 0.5216192603111267, 0.14061786401178103]
----------------
[90, 0.52782142162323, 0.13978921697933816]
----------------
[90, 0.5386524796485901, 0.14181846844443444]
----------------
[90, 0.5431184768676758, 0.1440126024898507]
----------------
[90, 0.5506136417388916, 0.14299275413320883]
----------------
[90, 0.5578343868255615, 0.1441739045386936]
----------------
[90, 0.5587348937988281, 0.1437225128931272]
----------------
[90, 0.5416045188903809, 0.14576146996061243]
----------------
[90, 0.5344290137290955, 0.14641582962471333]
----------------
[90, 0.5312648415565491, 0.14409742746778198]
----------------
[90, 0.5297834277153015, 0.1438423638073432]
----------------
[90, 0.5237542390823364, 0.14061727746273883]
----------------
[90, 0.526638925075531, 0.13607599543694957]
----------------
[90, 0.5271956920623779, 0.13175346069275698]
----------------
[90, 0.5158056020736694, 0.13092497080556295]
----------------
[90, 0.5216531157493591, 0.13031755608775092]
----------------
[90, 0.526136040687561, 0.13060824812918725]
----------------
[90, 0.5300969481468201, 0.13114569403257484]
----------------
[90, 0.5327755212783813, 0.13363200511169215]
----------------
[90, 0.534066915512085, 0.13510124284814368]
----------------
[90, 0.536618709564209, 0.13514799687789783]
----------------
[90, 0.5385358333587646, 0.1353952639322423]
----------------
[90, 0.5407712459564209, 0.1358169139209566]
----------------
[90, 0.5402048826217651, 0.13556263346124509]
----------------
[90, 0.5389028787612915, 0.13592472662713928]
----------------
[90, 0.5380358099937439, 0.1354368425852536]
----------------
[90, 0.5390748381614685, 0.1360900765780453]
----------------
[90, 0.5399541854858398, 0.1366329564256854]
----------------
[90, 0.5399262309074402, 0.13572841936503413]
----------------
[90, 0.5407829880714417, 0.135715317861373]
----------------
[90, 0.5411553382873535, 0.13500764242437205]
----------------
[90, 0.5425835251808167, 0.13636111811977616]
----------------
[90, 0.5469017028808594, 0.1478836295063313]
----------------
[90, 0.5872299671173096, 0.17972965034922458]
----------------
[90, 0.6112889051437378, 0.19475118820057916]
----------------
[90, 0.6466524004936218, 0.20188133562552507]
----------------
[90, 0.6578298211097717, 0.2061885015151356]
----------------
[90, 0.6595625281333923, 0.20825028965216213]
----------------
[90, 0.6617491245269775, 0.20923672165775883]
----------------
[90, 0.6856474876403809, 0.21841314829015362]
----------------
[90, 0.7361820340156555, 0.22770741048884413]
----------------
[90, 0.7507776021957397, 0.24105193175366682]
----------------
[90, 0.7494445443153381, 0.2481924447391525]
----------------
[90, 0.7446359992027283, 0.25134291646987816]
----------------
[90, 0.7557671666145325, 0.25350146695881126]
----------------
[90, 0.7508222460746765, 0.2550287083274667]
----------------
[90, 0.7397517561912537, 0.25814588527360277]
----------------
[90, 0.7248944640159607, 0.2627896658937406]
----------------
[90, 0.7278202176094055, 0.27350026012896034]
----------------
[90, 0.7367044687271118, 0.2805569456770585]
----------------
[90, 0.7506793737411499, 0.2872470097069598]
----------------
[90, 0.7683861255645752, 0.29294793525693064]
----------------
[90, 0.7774842977523804, 0.29709988318389186]
----------------
[90, 0.7908653020858765, 0.30137511131392686]
----------------
[90, 0.7951861023902893, 0.30690068952425903]
----------------
[90, 0.7972694635391235, 0.3159161602789593]
----------------
[90, 0.821239709854126, 0.32071770422812007]
----------------
[90, 0.8432021737098694, 0.3236203178493852]
----------------
[90, 0.8450319170951843, 0.3265881847976198]
----------------
[90, 0.8405454158782959, 0.32853012097527456]
----------------
[90, 0.813173770904541, 0.31859486920753394]
----------------
[90, 0.7729077339172363, 0.29448161423304614]
----------------
[90, 0.7038683295249939, 0.27644052123333934]
----------------
[90, 0.651226818561554, 0.24545780033583645]
----------------
[90, 0.5969969630241394, 0.21175471821636302]
----------------
[90, 0.5821610689163208, 0.202292002373741]
----------------
[90, 0.5729027986526489, 0.1985457581212725]
----------------
[90, 0.5653393268585205, 0.19515310130843272]
----------------
[90, 0.5605891942977905, 0.19278218670597155]
----------------
[90, 0.5433657169342041, 0.18421071662337182]
----------------
[90, 0.5267813205718994, 0.178369293637475]
----------------
[90, 0.5206010341644287, 0.17758694043069814]
----------------
[90, 0.5125955939292908, 0.17496747322484138]
----------------
[90, 0.5108327865600586, 0.17097031960216733]
----------------
[90, 0.5049715042114258, 0.1647887644772253]
----------------
[90, 0.5023695826530457, 0.16165132850639674]
----------------
[90, 0.5271778106689453, 0.1552078023283925]
----------------
[90, 0.5300658941268921, 0.1523327009277859]
----------------
[90, 0.5346381068229675, 0.14908269053873244]
----------------
[90, 0.5400830507278442, 0.14903753286388852]
----------------
[90, 0.5417876243591309, 0.14953937273473633]
----------------
[90, 0.5419088006019592, 0.1511506334676232]
----------------
[90, 0.5403000116348267, 0.14943433396320666]
----------------
[90, 0.5406956672668457, 0.15020651533670504]
----------------
[90, 0.5425946116447449, 0.1501853673462967]
----------------
[90, 0.543030858039856, 0.1505174077266109]
----------------
[90, 0.5448833703994751, 0.14962917645437454]
----------------
[90, 0.544689416885376, 0.15045548017342897]
----------------
[90, 0.5436844229698181, 0.15039109180420399]
----------------
[90, 0.5423722267150879, 0.14954103999026053]
----------------
[90, 0.541720449924469, 0.14969509897776398]
----------------
[90, 0.5393674373626709, 0.1490504754820597]
----------------
[90, 0.5391657948493958, 0.1498603358918743]
----------------
[90, 0.5452361106872559, 0.14942869053638508]
----------------
[90, 0.5475524663925171, 0.14968898555858148]
----------------
[90, 0.5504209399223328, 0.15070046605490262]
----------------
[90, 0.5528988242149353, 0.15143859250911745]
----------------
[90, 0.5546591877937317, 0.15103752473753387]
----------------
[90, 0.5567366480827332, 0.15699095407346125]
----------------
[90, 0.7446002960205078, 0.24746871119065605]
----------------
[90, 0.7975709438323975, 0.23900020998084937]
----------------
[90, 0.7975709438323975, 0.23900020998084937]
----------------
[90, 0.7977266311645508, 0.29315744629541335]
----------------
[90, 0.793898344039917, 0.2751208146123983]
----------------
[90, 0.7759394645690918, 0.2617485405645899]
----------------
[8, 12, 6]
----------------
[5, 13, 9]
----------------
[6, 13, 8]
----------------
[6, 13, 9]
----------------
[5, 19, 11]
----------------
[3, 21, 15]
----------------
[8, 24, 16]
----------------
[6, 27, 17]
----------------
[3, 27, 18]
----------------
[-4, 29, 19]
----------------
[-4, 29, 19]
----------------
[-6, 29, 20]
----------------
[-6, 29, 20]
----------------
[-6, 30, 20]
----------------
[-4, 30, 20]
----------------
[0, 30, 21]
----------------
[0, 30, 20]
----------------
[0, 31, 20]
----------------
[0, 31, 20]
----------------
[1, 31, 20]
----------------
[3, 31, 20]
----------------
[3, 31, 20]
----------------
[3, 32, 20]
----------------
[3, 32, 20]
----------------
[3, 32, 20]
----------------
[3, 31, 20]
----------------
[3, 32, 20]
----------------
[3, 32, 20]
----------------
[3, 32, 19]
----------------
[1, 29, 20]
----------------
[1, 29, 20]
----------------
[1, 29, 20]
----------------
[11, 0, 15]
----------------
[11, 0, 17]
----------------
[11, 0, 17]
----------------
[11, 0, 17]
----------------
[10, 0, 19]
----------------
[8, 0, 21]
----------------
[8, 0, 22]
----------------
[8, 0, 24]
----------------
[8, 0, 24]
----------------
[8, 0, 25]
----------------
[8, 0, 25]
----------------
[8, 0, 26]
----------------
[8, 0, 25]
----------------
[8, 0, 24]
----------------
[8, 0, 24]
----------------
[6, 6, 22]
----------------
[6, 15, 21]
----------------
[10, 23, 21]
----------------
[10, 33, 19]
----------------
[10, 42, 20]
----------------
[10, 52, 17]
----------------
[10, 62, 15]
----------------
[15, 72, 11]
----------------
[10, 77, 11]
----------------
[13, 78, 9]
----------------
[11, 79, 9]
----------------
[11, 79, 9]
----------------
[11, 79, 9]
----------------
[13, 79, 9]
----------------
[13, 79, 9]
----------------
[15, 79, 12]
----------------
[15, 79, 12]
----------------
[15, 79, 15]
----------------
[18, 79, 14]
----------------
[16, 79, 14]
----------------
[13, 79, 13]
----------------
[11, 79, 13]
----------------
[13, 79, 12]
----------------
[13, 79, 10]
----------------
[13, 79, 11]
----------------
[15, 79, 24]
----------------
[15, 79, 20]
----------------
[15, 79, 18]
----------------
[13, 79, 19]
----------------
[13, 79, 18]
----------------
[13, 79, 18]
----------------
[13, 79, 18]
----------------
[11, 79, 18]
----------------
[13, 79, 18]
----------------
[13, 79, 18]
----------------
[11, 79, 16]
----------------
[10, 79, 17]
----------------
[8, 79, 19]
----------------
[8, 79, 19]
----------------
[8, 79, 19]
----------------
[11, 37, 22]
----------------
[11, 36, 24]
----------------
[13, 35, 23]
----------------
[11, 35, 27]
----------------
[13, 37, 31]
----------------
[13, 43, 43]
----------------
[11, 50, 54]
----------------
[10, 57, 63]
----------------
[6, 62, 66]
----------------
[6, 63, 69]
----------------
[6, 64, 70]
----------------
[5, 62, 69]
----------------
[5, 63, 69]
----------------
[5, 61, 67]
----------------
[6, 54, 61]
----------------
[10, 36, 40]
----------------
[11, 24, 24]
----------------
[11, 22, 17]
----------------
[15, 21, 13]
----------------
[13, 22, 11]
----------------
[11, 24, 10]
----------------
[13, 24, 9]
----------------
[13, 25, 7]
----------------
[15, 25, 5]
----------------
[16, 24, 5]
----------------
[15, 25, 4]
----------------
[15, 26, 3]
----------------
[15, 26, 4]
----------------
[15, 26, 4]
----------------
[15, 26, 4]
----------------
[15, 26, 6]
----------------
[13, 25, 5]
----------------
[22, 24, 0]
----------------
[15, 23, 4]
----------------
[13, 22, 7]
----------------
[20, 22, 37]
----------------
[20, 22, 37]
----------------
[20, 22, 37]
----------------
[20, 22, 37]
----------------
[69, 58, 0]
----------------
[20, 69, 80]
----------------
[27, 75, 64]
----------------
[20, 74, 80]
----------------
[12, 21, 15]
----------------
[12, 21, 16]
----------------
[14, 22, 16]
----------------
[12, 23, 17]
----------------
[5, 24, 18]
----------------
[-4, 26, 19]
----------------
[-6, 27, 19]
----------------
[-9, 28, 19]
----------------
[-8, 28, 19]
----------------
[-8, 28, 20]
----------------
[-4, 28, 20]
----------------
[-2, 29, 21]
----------------
[0, 29, 21]
----------------
[0, 29, 22]
----------------
[1, 29, 22]
----------------
[1, 30, 22]
----------------
[1, 30, 22]
----------------
[1, 30, 22]
----------------
[0, 31, 22]
----------------
[-2, 31, 22]
----------------
[-2, 31, 22]
----------------
[-2, 31, 22]
----------------
[-2, 31, 22]
----------------
[-4, 31, 23]
----------------
[0, 20, 26]
----------------
[3, 11, 24]
----------------
[3, 3, 20]
----------------
[3, 2, 20]
----------------
[5, 1, 20]
----------------
[5, 0, 19]
----------------
[5, 0, 19]
----------------
[7, 0, 16]
----------------
[7, 0, 18]
----------------
[7, 0, 18]
----------------
[7, 0, 18]
----------------
[7, 1, 19]
----------------
[25, 10, 0]
----------------
[12, 66, 21]
----------------
[12, 77, 22]
----------------
[10, 79, 24]
----------------
[10, 79, 25]
----------------
[9, 79, 25]
----------------
[9, 79, 24]
----------------
[7, 79, 24]
----------------
[7, 79, 20]
----------------
[9, 79, 17]
----------------
[5, 79, 15]
----------------
[9, 79, 15]
----------------
[7, 79, 14]
----------------
[7, 79, 14]
----------------
[5, 79, 12]
----------------
[5, 79, 13]
----------------
[10, 79, 16]
----------------
[12, 79, 16]
----------------
[16, 79, 16]
----------------
[14, 79, 14]
----------------
[12, 79, 14]
----------------
[9, 79, 12]
----------------
[10, 79, 15]
----------------
[10, 79, 17]
----------------
[7, 79, 21]
----------------
[5, 79, 21]
----------------
[5, 79, 19]
----------------
[5, 79, 21]
----------------
[5, 79, 19]
----------------
[5, 79, 20]
----------------
[5, 79, 19]
----------------
[5, 79, 19]
----------------
[3, 79, 20]
----------------
[3, 79, 29]
----------------
[5, 79, 26]
----------------
[5, 79, 26]
----------------
[5, 75, 27]
----------------
[0, 42.5, 40]
----------------
[0, 42.5, 40]
----------------
[0, 42.5, 40]
----------------
[0, 42.5, 40]
----------------
[0, 42.5, 40]
----------------
[0, 42.5, 40]
----------------
[0, 42.5, 40]
----------------
[5, 38, 26]
----------------
[12, 32, 20]
----------------
[14, 34, 19]
----------------
[12, 36, 21]
----------------
[12, 37, 21]
----------------
[7, 38, 24]
----------------
[5, 40, 24]
----------------
[-2, 42, 26]
----------------
[-4, 42, 25]
----------------
[-8, 43, 24]
----------------
[-8, 45, 25]
----------------
[-8, 45, 25]
----------------
[-6, 46, 27]
----------------
[-2, 47, 28]
----------------
[5, 47, 29]
----------------
[7, 47, 26]
----------------
[7, 47, 26]
----------------
[9, 47, 26]
----------------
[9, 47, 25]
----------------
[10, 48, 24]
----------------
[10, 48, 24]
----------------
[10, 49, 24]
----------------
[9, 50, 24]
----------------
[9, 50, 25]
----------------
[7, 51, 25]
----------------
[3, 52, 27]
----------------
[0, 54, 27]
----------------
[-2, 54, 28]
----------------
[0, 54, 28]
----------------
[0, 54, 29]
----------------
[0, 55, 28]
----------------
[0, 55, 28]
----------------
[0, 55, 28]
----------------
[0, 55, 28]
----------------
[0, 55, 28]
----------------
[0, 56, 29]
----------------
[0, 56, 29]
----------------
[0, 56, 28]
----------------
[0, 56, 28]
----------------
[0, 56, 29]
----------------
[0, 56, 29]
----------------
[18, 53, 27]
----------------
[55, 43, 3]
----------------
[75, 38, -8]
----------------
[84, 38, -10]
----------------
[90, 38, -10]
----------------
[90, 35, -10]
----------------
[90, 34, -10]
----------------
[90, 33, -10]
----------------
[90, 33, -10]
----------------
[90, 34, -10]
----------------
[66, 38, -4]
----------------
[25, 49, 30]
----------------
[-8, 57, 41]
----------------
[-31, 64, 28]
----------------
[-51, 66, 17]
----------------
[-56, 70, 15]
----------------
[-74, 72, 5]
----------------
[-85, 74, 0]
----------------
[-87, 77, 0]
----------------
[-89, 78, -1]
----------------
[-89, 78, -1]
----------------
[-89, 80, 0]
----------------
[-90, 80, -1]
----------------
[-90, 82, -1]
----------------
[-90, 82, -2]
----------------
[-90, 82, -2]
----------------
[-90, 82, -1]
----------------
[-85, 80, 1]
----------------
[-85, 80, 1]
----------------
[-11, 68, 47]
----------------
[-2, 64, 40]
----------------
[1, 62, 35]
----------------
[3, 62, 34]
----------------
[5, 63, 32]
----------------
[5, 63, 30]
----------------
[12, 60, 30]
----------------
[14, 60, 28]
----------------
[16, 59, 25]
----------------
[16, 59, 26]
----------------
[16, 59, 25]
----------------
[16, 59, 25]
----------------
[16, 59, 25]
----------------
[14, 60, 26]
----------------
[14, 60, 25]
----------------
[14, 60, 26]
----------------
[14, 61, 27]
----------------
[12, 56, 27]
----------------
[10, 43, 34]
----------------
[14, 31, 33]
----------------
[16, 20, 31]
----------------
[18, 8, 33]
----------------
[19, 0, 29]
----------------
[21, 0, 30]
----------------
[21, 0, 25]
----------------
[23, 0, 23]
----------------
[25, 0, 23]
----------------
[23, 0, 24]
----------------
[23, 0, 24]
----------------
[23, 0, 23]
----------------
[23, 0, 20]
----------------
[27, 0, 16]
----------------
[23, 0, 14]
----------------
[25, 0, 13]
----------------
[32, 0, 4]
----------------
[34, 0, 5]
----------------
[21, 54, 19]
----------------
[18, 85, 24]
----------------
[32, 85, -10]
----------------
[23, 85, -8]
----------------
[25, 85, -10]
----------------
[23, 85, -10]
----------------
[23, 85, -10]
----------------
[19, 85, -10]
----------------
[12, 85, -4]
----------------
[10, 85, 20]
----------------
[10, 85, 20]
----------------
[9, 68, 20]
----------------
[12, 61, 26]
----------------
[12, 59, 27]
----------------
[12, 60, 28]
----------------
[12, 60, 30]
----------------
[10, 58, 32]
----------------
[12, 53, 30]
----------------
[14, 53, 29]
----------------
[14, 54, 29]
----------------
[16, 70, 18]
----------------
[9, 83, 28]
----------------
[9, 85, 25]
----------------
[9, 85, 23]
----------------
[7, 84, 25]
----------------
[9, 82, 26]
----------------
[9, 79, 29]
----------------
[10, 77, 30]
----------------
[10, 74, 30]
----------------
[10, 70, 33]
----------------
[10, 69, 34]
----------------
[10, 65, 34]
----------------
[12, 61, 34]
----------------
[14, 56, 33]
----------------
[14, 51, 33]
----------------
[14, 47, 32]
----------------
[14, 46, 33]
----------------
[10, 46, 33]
----------------
[-4, 46, 36]
----------------
[-17, 51, 32]
----------------
[-26, 59, 28]
----------------
[-26, 61, 27]
----------------
[-29, 67, 27]
----------------
[-31, 66, 26]
----------------
[-33, 66, 25]
----------------
[-33, 65, 24]
----------------
[-33, 66, 25]
----------------
[-33, 66, 26]
----------------
[-33, 66, 26]
----------------
[-33, 67, 27]
----------------
[-33, 67, 27]
----------------
[-33, 67, 26]
----------------
[-33, 66, 26]
----------------
[-33, 67, 27]
----------------
[-33, 67, 27]
----------------
[-36, 66, 24]
----------------
[-53, 65, 14]
----------------
[-65, 63, 7]
----------------
[-67, 63, 6]
----------------
[-65, 62, 8]
----------------
[-36, 68, 31]
----------------
[-11, 68, 34]
----------------
[3, 61, 36]
----------------
[18, 55, 29]
----------------
[18, 56, 29]
----------------
[19, 56, 30]
----------------
[18, 58, 33]
----------------
[16, 58, 40]
----------------
[19, 60, 53]
----------------
[19, 60, 53]
----------------
[19, 85, 90]
----------------
[16, 85, 90]
----------------
[14, 85, 90]
----------------
[12, 85, 90]
----------------
[14, 85, 90]
----------------
[12, 85, 90]
----------------
[12, 85, 90]
----------------
[12, 85, 90]
----------------
[12, 85, 90]
----------------
[10, 85, 90]
----------------
[7, 85, 90]
----------------
[12, 41, 5]
----------------
[10, 41, 6]
----------------
[10, 41, 6]
----------------
[10, 41, 6]
----------------
[10, 42, 7]
----------------
[10, 42, 7]
----------------
[10, 42, 8]
----------------
[16, 40, 7]
----------------
[19, 40, 7]
----------------
[23, 40, 8]
----------------
[23, 40, 8]
----------------
[23, 40, 8]
----------------
[21, 40, 10]
----------------
[19, 39, 17]
----------------
[16, 42, 25]
----------------
[14, 51, 39]
----------------
[10, 60, 50]
----------------
[10, 68, 59]
----------------
[9, 71, 61]
----------------
[7, 78, 70]
----------------
[5, 90, 76]
----------------
[5, 90, 80]
----------------
[3, 90, 80]
----------------
[3, 90, 80]
----------------
[5, 90, 80]
----------------
[3, 90, 80]
----------------
[3, 90, 80]
----------------
[3, 90, 80]
----------------
[1, 90, 80]
----------------
[1, 90, 80]
----------------
[1, 90, 80]
----------------
[1, 90, 80]
----------------
[1, 90, 80]
----------------
[5, 81, 79]
----------------
[5, 81, 79]
----------------
[14, 53, 31]
----------------
[18, 50, 19]
----------------
[16, 48, 15]
----------------
[16, 49, 10]
----------------
[16, 49, 8]
----------------
[18, 47, 6]
----------------
[18, 47, 4]
----------------
[18, 47, 3]
----------------
[18, 48, 2]
----------------
[18, 48, 3]
----------------
[18, 41, 3]
----------------
[18, 41, 3]
----------------
[18, 41, 3]
----------------
[23, -10, 2]
----------------
[19, -10, 4]
----------------
[21, -10, 5]
----------------
[21, -10, 5]
----------------
[21, -10, 6]
----------------
[21, -10, 6]
----------------
[21, -10, 7]
----------------
[19, -10, 9]
----------------
[18, -10, 11]
----------------
[16, 0, 13]
----------------
[12, 12, 11]
----------------
[10, 23, 12]
----------------
[9, 31, 13]
----------------
[12, 42, 13]
----------------
[19, 57, 2]
----------------
[14, 72, 10]
----------------
[14, 86, 8]
----------------
[14, 90, 6]
----------------
[12, 90, 9]
----------------
[12, 90, 9]
----------------
[5, 90, 10]
----------------
[9, 90, 11]
----------------
[9, 90, 11]
----------------
[9, 90, 11]
----------------
[12, 71, 20]
----------------
[14, 65, 22]
----------------
[14, 63, 23]
----------------
[14, 61, 24]
----------------
[16, 60, 23]
----------------
[16, 60, 23]
----------------
[14, 61, 23]
----------------
[14, 61, 23]
----------------
[16, 61, 22]
----------------
[16, 63, 20]
----------------
[18, 63, 19]
----------------
[16, 63, 19]
----------------
[14, 63, 20]
----------------
[14, 63, 19]
----------------
[14, 63, 20]
----------------
[12, 64, 20]
----------------
[5, 66, 23]
----------------
[-4, 68, 24]
----------------
[-2, 68, 23]
----------------
[0, 61, 23]
----------------
[1, 56, 24]
----------------
[3, 51, 24]
----------------
[5, 46, 25]
----------------
[3, 42, 24]
----------------
[5, 37, 25]
----------------
[5, 35, 24]
----------------
[7, 33, 24]
----------------
[7, 29, 24]
----------------
[7, 24, 23]
----------------
[7, 21, 23]
----------------
[7, 18, 23]
----------------
[7, 17, 23]
----------------
[9, 14, 22]
----------------
[9, 12, 22]
----------------
[9, 10, 22]
----------------
[9, 9, 22]
----------------
[9, 8, 21]
----------------
[9, 6, 21]
----------------
[9, 5, 21]
----------------
[10, 3, 20]
----------------
[9, 1, 20]
----------------
[9, 0, 20]
----------------
[10, -2, 20]
----------------
[10, -3, 20]
----------------
[10, -4, 20]
----------------
[9, -5, 19]
----------------
[10, -4, 19]
----------------
[10, -5, 20]
----------------
[10, -7, 19]
----------------
[10, -7, 19]
----------------
[10, -8, 19]
----------------
[10, -9, 18]
----------------
[12, -6, 20]
----------------
[10, 2, 21]
----------------
[10, 8, 23]
----------------
[9, 20, 23]
----------------
[10, 35, 25]
----------------
[14, 51, 22]
----------------
[5, 90, 29]
----------------
[7, 90, 25]
----------------
[19, 90, 0]
----------------
[12, 90, 12]
----------------
[9, 90, 9]
----------------
[5, 90, 9]
----------------
[7, 90, 6]
----------------
[7, 90, 8]
----------------
[5, 90, 7]
----------------
[5, 90, 7]
----------------
[7, 90, 7]
----------------
[7, 90, 7]
----------------
[5, 90, 11]
----------------
[9, 90, 11]
----------------
[10, 90, 11]
----------------
[9, 90, 17]
----------------
[10, 90, 15]
----------------
[9, 90, 17]
----------------
[10, 90, 17]
----------------
[9, 90, 17]
----------------
[10, 86, 15]
----------------
[9, 74, 18]
----------------
[9, 64, 4]
----------------
[32, 50, 0]
----------------
[32, 50, 0]
----------------
[32, 50, 0]
----------------
[32, 50, 0]
----------------
[32, 50, 0]
----------------
[32, 50, 0]
----------------
[21, 90, 80]
----------------
[19, 90, 78]
----------------
[34, 90, 69]
----------------
[21, 90, 80]
----------------
