5.830306790496254e-10
4.801523921166385
6.382100980222094
5.376527020409838
6.052246989968485
5.148305625656687
6.227770815639273
5.759768856932164
6.160909410055626
6.376715879669116
6.403693536616274
12.865450150760859
813126
0.8484220069652947
0.8611713380901697
0.28763167161619246
0.6562645170789302
5.740298380816695
0.681553595576495
1.4980341958489531
0.43264216690772805
0.46941387058859607
2.437568141189707
1.645540746936609
1.9446045770467055
1.7990641598263004
0.4622656960011074
0.47206753520497435
1.5114167838704529
0.7916024503547987
